128

115551 mit Dativ 491.

decrepita 5555 939. 11111. Anhang.

1115111881.

deorsum zweisilbig 573.

55515551 5515511 575.

designare 87.

Dianae 1511 lum 582.

0115515115 .31.

1151511555 571.

dinumeret 915.

1115111556.

x 1115,11511115121.

dis, 1111155 770.

11155155 559ζ

1155111355.

(115 5115111113 621.

1151115515 face 241.

1115511746.

domi 151515 413.

. Dromo 376.

dum . ,115115 35115111313.

151515 5151151151 554.

1151115145. 662.

515 5515 295.

51155515 -- 51155515 495, 875.

ehem 81, 373, 901.

515515 = efferre 109.

Ε1151511,1511115115, clamare 5 Α55511-
115407, 449.

Ellipse nmquam podem 227.

511551 260, 389.

em 1111537, 790.

em 55155 172.

emitti ohne 51555 976.

8115111151 lang, augeat 25, fide· 161,
homo 218, Α55511115510551111260,
1111111111 1111115315

7 v 7

enim 168.

equidem = quidem 268, 337, 379,
640, 899, 956, 976.

5155 301,

55551555, 15515 34. ,

551151111 im 51135151151 8515 98.

55155115 828. ,

5115511 dem Asyndeton 319, 988.

51 5511515551 78.

5115515 51551515 511515 699.

etiam 155551 550.

5551151509.

5555155 5 5115 869.

55315135 11551551 839.

¹ VERZEIGHNISS

eoepostulo 595.
15551555535155551 12.
facere 51551551 869.
facio sedulo 50, 413.
facito mit Gonjunktiv 808.
factum als Β515111113561.
155115 887.

saxo 209, 874.

’ 151511 534.

[5511555555 983.

1551155111 caput 261.

foras 15511515 949.

foris 81131151 264.

11535555, 51151 1151113151 751151-
5515 1511151511 1171.

frui 51145151115111155155111 950.

fungi mit 1155155111 111 11115111
464, 603.

8111111, 515155 151155 dem 1551151,

1115115111 55155 361.

ganeum 359.

6515111 155 0511111ᾶί1515 zur Be-
55151111113 15145515111 270.

(1515111115511 870.

gnatus 340. .

3511351 377.

grandis 673, 930.

3151115744.

gratum 151515 270, 971.

1151515 55 115151 365.

’ 1555 nach 155515 11 der Anaphora

15111855 115.
11515 551551 868.

11555 281.

11151115 5 hominem 183, 301, heim
Personenwechsel 767. 11111111-
hang 574.

11151511 Abwesenden 332.

1115155287 (11111. Anhang), 756, 842.

1111515111 55 lubentem fac 15 756.

f 11155 =- 55 155 361, 413.

1155111155 673.

111555, 115555 530.

155 das 85135115 151115151151111 904,

155 = 1155 878.

151115 1515 die 527.

15115111 1511111515 111, 336.

115515 511151111111351111515511 107,
731, 736, 579, 934.

115115 = er 143, 407, 536.

 

